@V_gene
#V_gene;GeneChoice;2;7
%0.5;0.5

@V_3_del
#V_3_del;Deletion;2;1
$Dim
%7
$V_gene,2
&0.05,0.1,0.15,0.2,0.2,0.15,0.15,0.05,0.1,0.15,0.2,0.2,0.15,0.15

@VD1_ins
#VD1_ins;Insertion;1;7
$Dim
%6
$V_3_del,7
&0.3,0.25,0.2,0.15,0.08,0.02,0.3,0.25,0.2,0.15,0.08,0.02,0.3,0.25,0.2,0.15,0.08,0.02,0.3,0.25,0.2,0.15,0.08,0.02,0.3,0.25,0.2,0.15,0.08,0.02,0.3,0.25,0.2,0.15,0.08,0.02,0.3,0.25,0.2,0.15,0.08,0.02

@D1_gene
#D1_gene;GeneChoice;2;7
$Dim
%2
$VD1_ins,6
&0.5,0.5,0.5,0.5,0.5,0.5,0.5,0.5,0.5,0.5,0.5,0.5

@D1_5_del
#D1_5_del;Deletion;2;0
$Dim
%5
$D1_gene,2
&0.1,0.2,0.4,0.2,0.1,0.1,0.2,0.4,0.2,0.1

@D1_3_del
#D1_3_del;Deletion;2;1
$Dim
%5
$D1_5_del,5
&0.1,0.2,0.4,0.2,0.1,0.1,0.2,0.4,0.2,0.1,0.1,0.2,0.4,0.2,0.1,0.1,0.2,0.4,0.2,0.1,0.1,0.2,0.4,0.2,0.1

@D1D2_ins
#D1D2_ins;Insertion;6;7
$Dim
%5
$D1_3_del,5
&0.4,0.25,0.15,0.12,0.08,0.4,0.25,0.15,0.12,0.08,0.4,0.25,0.15,0.12,0.08,0.4,0.25,0.15,0.12,0.08,0.4,0.25,0.15,0.12,0.08

@D2_gene
#D2_gene;GeneChoice;2;7
$Dim
%2
$D1D2_ins,5
&0.5,0.5,0.5,0.5,0.5,0.5,0.5,0.5,0.5,0.5

@D2_5_del
#D2_5_del;Deletion;2;0
$Dim
%5
$D2_gene,2
&0.1,0.2,0.4,0.2,0.1,0.1,0.2,0.4,0.2,0.1

@D2_3_del
#D2_3_del;Deletion;2;1
$Dim
%5
$D2_5_del,5
&0.1,0.2,0.4,0.2,0.1,0.1,0.2,0.4,0.2,0.1,0.1,0.2,0.4,0.2,0.1,0.1,0.2,0.4,0.2,0.1,0.1,0.2,0.4,0.2,0.1

@D2J_ins
#D2J_ins;Insertion;3;7
$Dim
%6
$D2_3_del,5
&0.3,0.25,0.2,0.15,0.08,0.02,0.3,0.25,0.2,0.15,0.08,0.02,0.3,0.25,0.2,0.15,0.08,0.02,0.3,0.25,0.2,0.15,0.08,0.02,0.3,0.25,0.2,0.15,0.08,0.02

@J_5_del
#J_5_del;Deletion;4;0
$Dim
%7
$D2J_ins,6
&0.05,0.1,0.15,0.2,0.2,0.15,0.15,0.05,0.1,0.15,0.2,0.2,0.15,0.15,0.05,0.1,0.15,0.2,0.2,0.15,0.15,0.05,0.1,0.15,0.2,0.2,0.15,0.15,0.05,0.1,0.15,0.2,0.2,0.15,0.15,0.05,0.1,0.15,0.2,0.2,0.15,0.15

@J_gene
#J_gene;GeneChoice;4;7
$Dim
%2
$J_5_del,7
&0.5,0.5,0.5,0.5,0.5,0.5,0.5,0.5,0.5,0.5,0.5,0.5,0.5,0.5

@VD1_dinucl
#VD1_dinucl;DinucMarkov;1;7
$Dim
%16
&0.25,0.25,0.25,0.25,0.25,0.25,0.25,0.25,0.25,0.25,0.25,0.25,0.25,0.25,0.25,0.25

@D1D2_dinucl
#D1D2_dinucl;DinucMarkov;6;7
$Dim
%16
&0.25,0.25,0.25,0.25,0.25,0.25,0.25,0.25,0.25,0.25,0.25,0.25,0.25,0.25,0.25,0.25

@D2J_dinucl
#D2J_dinucl;DinucMarkov;3;7
$Dim
%16
&0.25,0.25,0.25,0.25,0.25,0.25,0.25,0.25,0.25,0.25,0.25,0.25,0.25,0.25,0.25,0.25
